country,country_code,year,coal_pct,oil_pct,gas_pct,nuclear_pct,hydro_pct,wind_pct,solar_pct,other_renewables_pct,total_generation_twh
AFG,AFG,2000,35.57,12.99,38.97,0.0,7.48,2.49,1.25,1.25,471.7
AFG,AFG,2001,29.21,8.59,25.76,0.0,21.87,7.29,3.64,3.64,391.9
AFG,AFG,2002,45.97,11.3,33.9,0.0,5.3,1.77,0.88,0.88,260.17
AFG,AFG,2003,32.0,9.67,29.0,0.0,17.6,5.87,2.93,2.93,93.23
AFG,AFG,2004,21.53,8.34,25.03,0.0,27.06,9.02,4.51,4.51,281.19
AFG,AFG,2005,41.54,10.98,32.95,0.0,8.71,2.9,1.45,1.45,454.57
AFG,AFG,2006,30.71,7.0,21.01,0.0,24.76,8.25,4.13,4.13,473.73
AFG,AFG,2007,33.25,11.58,34.73,0.0,12.27,4.09,2.04,2.04,474.45
AFG,AFG,2008,35.28,7.47,22.42,0.0,20.9,6.97,3.48,3.48,74.09
AFG,AFG,2009,29.1,8.28,24.85,0.0,22.66,7.55,3.78,3.78,321.83
AFG,AFG,2010,46.22,8.6,25.81,0.0,11.62,3.87,1.94,1.94,498.52
AFG,AFG,2011,43.63,8.14,24.41,0.0,14.29,4.76,2.38,2.38,290.35
AFG,AFG,2012,38.8,6.7,20.09,0.0,20.65,6.88,3.44,3.44,102.67
AFG,AFG,2013,39.25,7.06,21.18,0.0,19.5,6.5,3.25,3.25,157.96
AFG,AFG,2014,28.98,5.83,17.5,0.0,28.61,9.54,4.77,4.77,452.8
AFG,AFG,2015,33.06,6.75,20.24,0.0,23.97,7.99,3.99,3.99,136.69
AFG,AFG,2016,35.7,6.97,20.91,0.0,21.85,7.28,3.64,3.64,480.44
AFG,AFG,2017,38.64,7.79,23.38,0.0,18.12,6.04,3.02,3.02,319.23
AFG,AFG,2018,28.82,7.59,22.78,0.0,24.49,8.16,4.08,4.08,288.01
AFG,AFG,2019,21.94,8.88,26.63,0.0,25.54,8.51,4.26,4.26,371.26
AFG,AFG,2020,18.29,4.78,14.35,0.0,37.54,12.51,6.26,6.26,491.69
AFG,AFG,2021,46.48,8.26,24.78,0.0,12.29,4.1,2.05,2.05,364.74
AFG,AFG,2022,39.31,9.04,27.13,0.0,14.71,4.9,2.45,2.45,375.5
AFG,AFG,2023,42.64,9.25,27.75,0.0,12.21,4.07,2.04,2.04,129.88
AFG,AFG,2024,15.53,5.39,16.16,0.0,37.76,12.59,6.29,6.29,206.54
ALB,ALB,2000,26.12,8.97,26.9,0.0,22.81,7.6,3.8,3.8,205.25
ALB,ALB,2001,41.64,7.34,22.02,0.0,17.4,5.8,2.9,2.9,316.65
ALB,ALB,2002,43.2,9.04,27.12,0.0,12.38,4.13,2.06,2.06,386.69
ALB,ALB,2003,42.36,7.72,23.16,0.0,16.06,5.35,2.68,2.68,142.39
ALB,ALB,2004,23.91,8.37,25.12,0.0,25.56,8.52,4.26,4.26,117.41
ALB,ALB,2005,34.68,8.06,24.17,0.0,19.86,6.62,3.31,3.31,431.23
ALB,ALB,2006,30.42,13.1,39.31,0.0,10.3,3.43,1.72,1.72,50.63
ALB,ALB,2007,27.24,9.35,28.05,0.0,21.22,7.07,3.54,3.54,165.06
ALB,ALB,2008,30.19,7.1,21.31,0.0,24.83,8.28,4.14,4.14,93.52
ALB,ALB,2009,39.65,7.03,21.09,0.0,19.34,6.45,3.22,3.22,206.44
ALB,ALB,2010,19.54,8.03,24.09,0.0,29.0,9.67,4.83,4.83,203.0
ALB,ALB,2011,43.77,7.98,23.95,0.0,14.58,4.86,2.43,2.43,145.35
ALB,ALB,2012,21.61,10.65,31.96,0.0,21.46,7.15,3.58,3.58,157.18
ALB,ALB,2013,25.95,9.77,29.3,0.0,20.99,7.0,3.5,3.5,429.22
ALB,ALB,2014,20.81,8.79,26.37,0.0,26.41,8.8,4.4,4.4,389.5
ALB,ALB,2015,36.49,7.78,23.35,0.0,19.43,6.48,3.24,3.24,394.32
ALB,ALB,2016,22.45,10.25,30.75,0.0,21.93,7.31,3.65,3.65,481.3
ALB,ALB,2017,43.25,8.43,25.3,0.0,13.81,4.6,2.3,2.3,305.92
ALB,ALB,2018,32.41,8.05,24.15,0.0,21.23,7.08,3.54,3.54,194.52
ALB,ALB,2019,28.52,12.26,36.79,0.0,13.45,4.48,2.24,2.24,166.05
ALB,ALB,2020,37.66,6.33,19.0,0.0,22.2,7.4,3.7,3.7,435.47
ALB,ALB,2021,27.11,9.79,29.38,0.0,20.23,6.74,3.37,3.37,491.12
ALB,ALB,2022,36.85,6.58,19.74,0.0,22.1,7.37,3.68,3.68,343.0
ALB,ALB,2023,18.5,3.88,11.63,0.0,39.59,13.2,6.6,6.6,217.27
ALB,ALB,2024,35.06,8.78,26.34,0.0,17.89,5.96,2.98,2.98,95.39
DZA,DZA,2000,23.93,9.69,29.07,0.0,22.39,7.46,3.73,3.73,109.71
DZA,DZA,2001,31.89,12.85,38.54,0.0,10.04,3.35,1.67,1.67,114.45
DZA,DZA,2002,34.7,7.63,22.89,0.0,20.87,6.96,3.48,3.48,200.84
DZA,DZA,2003,33.73,8.03,24.08,0.0,20.49,6.83,3.42,3.42,301.09
DZA,DZA,2004,30.83,11.05,33.14,0.0,14.99,5.0,2.5,2.5,68.57
DZA,DZA,2005,40.25,7.65,22.95,0.0,17.49,5.83,2.92,2.92,419.08
DZA,DZA,2006,36.4,11.07,33.2,0.0,11.6,3.87,1.93,1.93,370.4
DZA,DZA,2007,32.5,10.65,31.96,0.0,14.93,4.98,2.49,2.49,102.04
DZA,DZA,2008,46.2,7.83,23.48,0.0,13.49,4.5,2.25,2.25,329.26
DZA,DZA,2009,34.84,8.72,26.15,0.0,18.18,6.06,3.03,3.03,311.44
DZA,DZA,2010,42.25,9.29,27.87,0.0,12.35,4.12,2.06,2.06,481.38
DZA,DZA,2011,28.65,6.72,20.17,0.0,26.68,8.89,4.45,4.45,153.89
DZA,DZA,2012,31.41,11.17,33.5,0.0,14.36,4.79,2.39,2.39,194.87
DZA,DZA,2013,34.47,5.89,17.66,0.0,25.19,8.4,4.2,4.2,215.64
DZA,DZA,2014,25.82,9.96,29.87,0.0,20.61,6.87,3.43,3.43,98.45
DZA,DZA,2015,25.98,6.19,18.58,0.0,29.55,9.85,4.92,4.92,65.94
DZA,DZA,2016,24.46,5.47,16.41,0.0,32.2,10.73,5.37,5.37,463.26
DZA,DZA,2017,31.07,8.0,23.99,0.0,22.17,7.39,3.69,3.69,120.17
DZA,DZA,2018,43.8,7.85,23.56,0.0,14.87,4.96,2.48,2.48,242.1
DZA,DZA,2019,34.62,7.5,22.5,0.0,21.23,7.08,3.54,3.54,287.36
DZA,DZA,2020,14.13,5.56,16.67,0.0,38.19,12.73,6.37,6.37,231.02
DZA,DZA,2021,25.78,4.79,14.38,0.0,33.03,11.01,5.51,5.51,158.83
DZA,DZA,2022,20.06,4.03,12.08,0.0,38.31,12.77,6.38,6.38,376.32
DZA,DZA,2023,36.53,6.86,20.59,0.0,21.61,7.2,3.6,3.6,259.47
DZA,DZA,2024,32.92,8.98,26.93,0.0,18.7,6.23,3.12,3.12,59.44
ASM,ASM,2000,41.19,9.58,28.75,0.0,12.29,4.1,2.05,2.05,270.68
ASM,ASM,2001,42.29,7.62,22.85,0.0,16.34,5.45,2.72,2.72,244.05
ASM,ASM,2002,34.86,8.34,25.02,0.0,19.07,6.36,3.18,3.18,183.63
ASM,ASM,2003,33.48,9.35,28.04,0.0,17.48,5.83,2.91,2.91,77.33
ASM,ASM,2004,31.84,10.23,30.68,0.0,16.35,5.45,2.72,2.72,142.2
ASM,ASM,2005,32.02,12.37,37.12,0.0,11.09,3.7,1.85,1.85,213.87
ASM,ASM,2006,37.19,10.73,32.19,0.0,11.94,3.98,1.99,1.99,271.1
ASM,ASM,2007,37.21,7.22,21.65,0.0,20.36,6.79,3.39,3.39,479.28
ASM,ASM,2008,42.97,7.62,22.85,0.0,15.94,5.31,2.66,2.66,364.0
ASM,ASM,2009,36.84,7.03,21.1,0.0,21.02,7.01,3.5,3.5,213.29
ASM,ASM,2010,37.93,8.08,24.23,0.0,17.86,5.95,2.98,2.98,416.29
ASM,ASM,2011,41.02,9.6,28.81,0.0,12.34,4.11,2.06,2.06,227.76
ASM,ASM,2012,36.06,7.62,22.85,0.0,20.08,6.69,3.35,3.35,129.52
ASM,ASM,2013,27.27,7.1,21.29,0.0,26.61,8.87,4.43,4.43,201.91
ASM,ASM,2014,26.95,10.74,32.23,0.0,18.05,6.02,3.01,3.01,384.84
ASM,ASM,2015,42.96,7.53,22.6,0.0,16.15,5.38,2.69,2.69,346.49
ASM,ASM,2016,44.49,8.1,24.3,0.0,13.86,4.62,2.31,2.31,252.64
ASM,ASM,2017,24.71,9.43,28.28,0.0,22.55,7.52,3.76,3.76,446.01
ASM,ASM,2018,31.8,7.41,22.24,0.0,23.13,7.71,3.85,3.85,196.17
ASM,ASM,2019,19.65,8.78,26.35,0.0,27.13,9.04,4.52,4.52,56.52
ASM,ASM,2020,40.77,8.61,25.82,0.0,14.88,4.96,2.48,2.48,259.59
ASM,ASM,2021,21.92,9.27,27.8,0.0,24.6,8.2,4.1,4.1,54.2
ASM,ASM,2022,33.6,7.14,21.41,0.0,22.72,7.57,3.79,3.79,319.93
ASM,ASM,2023,21.31,8.19,24.58,0.0,27.55,9.18,4.59,4.59,137.71
ASM,ASM,2024,34.95,9.08,27.24,0.0,17.24,5.75,2.87,2.87,157.97
AND,AND,2000,47.37,9.43,28.29,0.0,8.95,2.98,1.49,1.49,326.95
AND,AND,2001,33.07,9.64,28.92,0.0,17.02,5.67,2.84,2.84,397.72
AND,AND,2002,41.34,10.88,32.63,0.0,9.09,3.03,1.52,1.52,174.92
AND,AND,2003,41.57,8.77,26.31,0.0,14.01,4.67,2.34,2.34,117.21
AND,AND,2004,38.89,9.82,29.47,0.0,13.09,4.36,2.18,2.18,54.81
AND,AND,2005,39.38,8.86,26.58,0.0,15.1,5.03,2.52,2.52,483.72
AND,AND,2006,41.27,8.43,25.28,0.0,15.02,5.01,2.5,2.5,61.02
AND,AND,2007,45.0,7.63,22.9,0.0,14.68,4.89,2.45,2.45,209.4
AND,AND,2008,38.43,9.15,27.45,0.0,14.98,4.99,2.5,2.5,389.03
AND,AND,2009,21.58,6.55,19.66,0.0,31.33,10.44,5.22,5.22,79.9
AND,AND,2010,40.65,6.87,20.61,0.0,19.13,6.38,3.19,3.19,396.86
AND,AND,2011,25.44,10.15,30.45,0.0,20.38,6.79,3.4,3.4,75.74
AND,AND,2012,16.57,6.87,20.62,0.0,33.56,11.19,5.59,5.59,421.39
AND,AND,2013,27.35,7.88,23.65,0.0,24.67,8.22,4.11,4.11,331.56
AND,AND,2014,22.88,10.44,31.33,0.0,21.21,7.07,3.53,3.53,53.4
AND,AND,2015,32.51,5.63,16.88,0.0,27.0,9.0,4.5,4.5,53.0
AND,AND,2016,25.54,6.49,19.47,0.0,29.1,9.7,4.85,4.85,496.67
AND,AND,2017,26.15,10.58,31.73,0.0,18.92,6.31,3.15,3.15,148.7
AND,AND,2018,40.89,8.87,26.6,0.0,14.19,4.73,2.36,2.36,281.81
AND,AND,2019,20.61,8.07,24.21,0.0,28.27,9.42,4.71,4.71,72.69
AND,AND,2020,40.72,7.14,21.41,0.0,18.44,6.15,3.07,3.07,275.93
AND,AND,2021,25.05,8.79,26.37,0.0,23.87,7.96,3.98,3.98,264.6
AND,AND,2022,23.13,5.63,16.89,0.0,32.61,10.87,5.43,5.43,203.3
AND,AND,2023,24.21,7.22,21.67,0.0,28.13,9.38,4.69,4.69,132.37
AND,AND,2024,23.53,8.06,24.18,0.0,26.54,8.85,4.42,4.42,354.09
AGO,AGO,2000,43.31,7.64,22.92,0.0,15.68,5.23,2.61,2.61,195.49
AGO,AGO,2001,25.4,12.51,37.53,0.0,14.73,4.91,2.46,2.46,404.76
AGO,AGO,2002,45.9,8.4,25.21,0.0,12.29,4.1,2.05,2.05,213.94
AGO,AGO,2003,20.1,9.66,28.99,0.0,24.75,8.25,4.13,4.13,402.79
AGO,AGO,2004,31.83,13.65,40.96,0.0,8.13,2.71,1.36,1.36,440.42
AGO,AGO,2005,47.04,8.48,25.44,0.0,11.42,3.81,1.9,1.9,348.39
AGO,AGO,2006,45.5,8.18,24.55,0.0,13.07,4.36,2.18,2.18,312.88
AGO,AGO,2007,21.57,9.59,28.76,0.0,24.05,8.02,4.01,4.01,111.85
AGO,AGO,2008,29.15,7.18,21.53,0.0,25.29,8.43,4.21,4.21,113.98
AGO,AGO,2009,21.52,9.48,28.44,0.0,24.34,8.11,4.06,4.06,208.73
AGO,AGO,2010,35.8,10.77,32.3,0.0,12.68,4.23,2.11,2.11,337.46
AGO,AGO,2011,23.31,10.74,32.21,0.0,20.24,6.75,3.37,3.37,448.8
AGO,AGO,2012,36.44,8.25,24.76,0.0,18.33,6.11,3.05,3.05,77.9
AGO,AGO,2013,42.11,8.46,25.38,0.0,14.43,4.81,2.4,2.4,246.86
AGO,AGO,2014,28.65,8.06,24.17,0.0,23.48,7.83,3.91,3.91,131.27
AGO,AGO,2015,31.41,6.17,18.51,0.0,26.34,8.78,4.39,4.39,53.83
AGO,AGO,2016,26.33,5.52,16.57,0.0,30.94,10.31,5.16,5.16,332.78
AGO,AGO,2017,40.96,8.67,26.01,0.0,14.62,4.87,2.44,2.44,345.87
AGO,AGO,2018,34.48,6.84,20.53,0.0,22.89,7.63,3.82,3.82,57.19
AGO,AGO,2019,26.12,6.17,18.52,0.0,29.51,9.84,4.92,4.92,64.97
AGO,AGO,2020,33.46,7.3,21.9,0.0,22.4,7.47,3.73,3.73,405.09
AGO,AGO,2021,40.14,7.44,22.31,0.0,18.07,6.02,3.01,3.01,380.81
AGO,AGO,2022,18.1,7.65,22.95,0.0,30.78,10.26,5.13,5.13,179.06
AGO,AGO,2023,34.44,7.13,21.4,0.0,22.22,7.41,3.7,3.7,449.57
AGO,AGO,2024,33.99,6.03,18.08,0.0,25.14,8.38,4.19,4.19,465.61
ATG,ATG,2000,25.39,9.61,28.84,0.0,21.7,7.23,3.62,3.62,480.07
ATG,ATG,2001,38.19,10.63,31.89,0.0,11.58,3.86,1.93,1.93,381.19
ATG,ATG,2002,23.0,10.23,30.68,0.0,21.65,7.22,3.61,3.61,212.47
ATG,ATG,2003,23.17,9.74,29.23,0.0,22.71,7.57,3.79,3.79,195.9
ATG,ATG,2004,46.65,9.92,29.77,0.0,8.19,2.73,1.37,1.37,413.71
ATG,ATG,2005,41.87,8.26,24.77,0.0,15.06,5.02,2.51,2.51,219.57
ATG,ATG,2006,24.59,10.39,31.16,0.0,20.32,6.77,3.39,3.39,340.73
ATG,ATG,2007,43.3,8.38,25.15,0.0,13.9,4.63,2.32,2.32,262.64
ATG,ATG,2008,24.69,10.1,30.3,0.0,20.95,6.98,3.49,3.49,276.32
ATG,ATG,2009,25.81,8.02,24.05,0.0,25.28,8.43,4.21,4.21,277.97
ATG,ATG,2010,45.58,9.48,28.44,0.0,9.9,3.3,1.65,1.65,283.7
ATG,ATG,2011,36.23,7.18,21.55,0.0,21.02,7.01,3.5,3.5,114.65
ATG,ATG,2012,39.2,8.52,25.56,0.0,16.03,5.34,2.67,2.67,460.09
ATG,ATG,2013,37.21,7.94,23.83,0.0,18.61,6.2,3.1,3.1,296.67
ATG,ATG,2014,31.22,7.51,22.54,0.0,23.23,7.74,3.87,3.87,142.96
ATG,ATG,2015,39.79,6.93,20.8,0.0,19.49,6.5,3.25,3.25,125.73
ATG,ATG,2016,28.68,8.47,25.4,0.0,22.47,7.49,3.75,3.75,467.3
ATG,ATG,2017,29.64,5.01,15.04,0.0,30.19,10.06,5.03,5.03,106.65
ATG,ATG,2018,25.79,8.18,24.54,0.0,24.9,8.3,4.15,4.15,359.34
ATG,ATG,2019,25.22,9.58,28.74,0.0,21.88,7.29,3.65,3.65,83.92
ATG,ATG,2020,21.08,9.37,28.11,0.0,24.86,8.29,4.14,4.14,370.36
ATG,ATG,2021,34.38,8.48,25.43,0.0,19.03,6.34,3.17,3.17,406.59
ATG,ATG,2022,25.39,4.39,13.16,0.0,34.24,11.41,5.71,5.71,281.0
ATG,ATG,2023,30.03,7.72,23.16,0.0,23.45,7.82,3.91,3.91,239.12
ATG,ATG,2024,23.77,5.29,15.86,0.0,33.05,11.02,5.51,5.51,228.9
AZE,AZE,2000,19.98,9.95,29.86,0.0,24.12,8.04,4.02,4.02,438.28
AZE,AZE,2001,31.99,9.85,29.55,0.0,17.17,5.72,2.86,2.86,461.12
AZE,AZE,2002,37.96,11.53,34.59,0.0,9.55,3.18,1.59,1.59,247.72
AZE,AZE,2003,32.23,9.14,27.42,0.0,18.73,6.24,3.12,3.12,99.03
AZE,AZE,2004,34.28,7.59,22.77,0.0,21.21,7.07,3.54,3.54,171.86
AZE,AZE,2005,44.6,8.63,25.89,0.0,12.53,4.18,2.09,2.09,114.34
AZE,AZE,2006,38.97,11.08,33.24,0.0,10.03,3.34,1.67,1.67,352.8
AZE,AZE,2007,43.05,8.68,26.04,0.0,13.34,4.45,2.22,2.22,339.18
AZE,AZE,2008,26.15,9.43,28.3,0.0,21.67,7.22,3.61,3.61,243.85
AZE,AZE,2009,32.96,9.44,28.33,0.0,17.56,5.85,2.93,2.93,284.19
AZE,AZE,2010,39.91,9.78,29.34,0.0,12.58,4.19,2.1,2.1,318.2
AZE,AZE,2011,35.81,11.34,34.01,0.0,11.31,3.77,1.88,1.88,180.7
AZE,AZE,2012,30.66,10.43,31.3,0.0,16.56,5.52,2.76,2.76,390.16
AZE,AZE,2013,30.92,6.38,19.15,0.0,26.13,8.71,4.35,4.35,161.23
AZE,AZE,2014,38.78,8.75,26.25,0.0,15.73,5.24,2.62,2.62,339.42
AZE,AZE,2015,25.2,7.61,22.82,0.0,26.62,8.87,4.44,4.44,390.82
AZE,AZE,2016,34.24,7.28,21.84,0.0,21.99,7.33,3.66,3.66,391.46
AZE,AZE,2017,35.29,7.53,22.59,0.0,20.75,6.92,3.46,3.46,253.68
AZE,AZE,2018,36.29,7.5,22.5,0.0,20.23,6.74,3.37,3.37,194.71
AZE,AZE,2019,18.53,8.35,25.05,0.0,28.84,9.61,4.81,4.81,155.17
AZE,AZE,2020,26.28,8.09,24.27,0.0,24.82,8.27,4.14,4.14,249.37
AZE,AZE,2021,24.45,10.7,32.1,0.0,19.65,6.55,3.27,3.27,349.45
AZE,AZE,2022,32.12,8.83,26.5,0.0,19.53,6.51,3.25,3.25,69.43
AZE,AZE,2023,22.81,8.17,24.51,0.0,26.71,8.9,4.45,4.45,233.39
AZE,AZE,2024,14.4,5.07,15.2,0.0,39.2,13.07,6.53,6.53,380.18
ARG,ARG,2000,38.89,7.45,22.35,0.0,18.78,6.26,3.13,3.13,455.9
ARG,ARG,2001,44.56,7.62,22.85,0.0,14.99,5.0,2.5,2.5,293.21
ARG,ARG,2002,38.2,7.0,20.99,0.0,20.29,6.76,3.38,3.38,200.34
ARG,ARG,2003,32.96,9.15,27.44,0.0,18.27,6.09,3.04,3.04,467.76
ARG,ARG,2004,29.5,9.51,28.53,0.0,19.47,6.49,3.25,3.25,175.29
ARG,ARG,2005,41.81,10.6,31.8,0.0,9.47,3.16,1.58,1.58,120.88
ARG,ARG,2006,43.73,10.12,30.36,0.0,9.47,3.16,1.58,1.58,93.71
ARG,ARG,2007,42.88,10.59,31.78,0.0,8.85,2.95,1.47,1.47,486.62
ARG,ARG,2008,44.53,8.91,26.73,0.0,11.9,3.97,1.98,1.98,293.94
ARG,ARG,2009,20.88,7.86,23.59,0.0,28.6,9.53,4.77,4.77,420.05
ARG,ARG,2010,37.25,8.69,26.07,0.0,16.79,5.6,2.8,2.8,89.98
ARG,ARG,2011,36.86,6.21,18.62,0.0,22.99,7.66,3.83,3.83,339.52
ARG,ARG,2012,39.19,7.18,21.55,0.0,19.24,6.41,3.21,3.21,380.48
ARG,ARG,2013,24.04,7.69,23.07,0.0,27.12,9.04,4.52,4.52,206.47
ARG,ARG,2014,29.77,9.37,28.12,0.0,19.64,6.55,3.27,3.27,200.74
ARG,ARG,2015,36.39,6.34,19.03,0.0,22.94,7.65,3.82,3.82,354.87
ARG,ARG,2016,37.98,9.12,27.36,0.0,15.32,5.11,2.55,2.55,53.61
ARG,ARG,2017,30.99,7.49,22.48,0.0,23.42,7.81,3.9,3.9,307.64
ARG,ARG,2018,29.54,6.85,20.55,0.0,25.84,8.61,4.31,4.31,434.7
ARG,ARG,2019,24.55,5.55,16.64,0.0,31.96,10.65,5.33,5.33,438.98
ARG,ARG,2020,30.19,6.45,19.34,0.0,26.41,8.8,4.4,4.4,437.53
ARG,ARG,2021,20.28,9.22,27.65,0.0,25.71,8.57,4.28,4.28,455.95
ARG,ARG,2022,37.6,7.31,21.93,0.0,19.9,6.63,3.32,3.32,150.65
ARG,ARG,2023,18.16,8.03,24.09,0.0,29.83,9.94,4.97,4.97,470.54
ARG,ARG,2024,24.42,4.97,14.91,0.0,33.42,11.14,5.57,5.57,132.4
AUS,AUS,2000,42.67,8.12,24.35,0.0,14.92,4.97,2.49,2.49,171.69
AUS,AUS,2001,44.1,8.68,26.05,0.0,12.7,4.23,2.12,2.12,364.31
AUS,AUS,2002,29.01,9.62,28.87,0.0,19.5,6.5,3.25,3.25,384.61
AUS,AUS,2003,46.2,8.88,26.65,0.0,10.96,3.65,1.83,1.83,329.97
AUS,AUS,2004,34.73,11.91,35.74,0.0,10.57,3.52,1.76,1.76,386.89
AUS,AUS,2005,37.41,10.68,32.04,0.0,11.93,3.98,1.99,1.99,495.71
AUS,AUS,2006,27.67,11.16,33.49,0.0,16.61,5.54,2.77,2.77,486.43
AUS,AUS,2007,40.72,7.47,22.4,0.0,17.65,5.88,2.94,2.94,377.99
AUS,AUS,2008,36.72,6.7,20.1,0.0,21.89,7.3,3.65,3.65,169.31
AUS,AUS,2009,39.85,9.77,29.3,0.0,12.64,4.21,2.11,2.11,245.18
AUS,AUS,2010,30.76,5.67,17.02,0.0,27.93,9.31,4.65,4.65,188.59
AUS,AUS,2011,25.91,11.48,34.44,0.0,16.9,5.63,2.82,2.82,170.82
AUS,AUS,2012,37.21,9.35,28.04,0.0,15.24,5.08,2.54,2.54,420.29
AUS,AUS,2013,33.89,8.74,26.23,0.0,18.68,6.23,3.11,3.11,373.16
AUS,AUS,2014,43.26,9.9,29.69,0.0,10.29,3.43,1.72,1.72,187.01
AUS,AUS,2015,29.05,9.99,29.98,0.0,18.59,6.2,3.1,3.1,415.33
AUS,AUS,2016,35.72,7.04,21.13,0.0,21.67,7.22,3.61,3.61,141.28
AUS,AUS,2017,30.07,6.05,18.16,0.0,27.43,9.14,4.57,4.57,128.28
AUS,AUS,2018,42.35,7.19,21.58,0.0,17.33,5.78,2.89,2.89,433.16
AUS,AUS,2019,30.92,7.38,22.15,0.0,23.72,7.91,3.95,3.95,193.85
AUS,AUS,2020,24.92,9.99,29.96,0.0,21.08,7.03,3.51,3.51,202.11
AUS,AUS,2021,30.34,6.24,18.71,0.0,26.83,8.94,4.47,4.47,491.7
AUS,AUS,2022,28.61,6.97,20.91,0.0,26.11,8.7,4.35,4.35,124.3
AUS,AUS,2023,46.73,8.02,24.07,0.0,12.7,4.23,2.12,2.12,64.57
AUS,AUS,2024,20.04,8.79,26.36,0.0,26.89,8.96,4.48,4.48,274.89
AUT,AUT,2000,43.89,9.0,26.99,0.0,12.07,4.02,2.01,2.01,310.83
AUT,AUT,2001,42.88,7.9,23.7,0.0,15.31,5.1,2.55,2.55,157.27
AUT,AUT,2002,37.1,10.02,30.05,0.0,13.7,4.57,2.28,2.28,218.46
AUT,AUT,2003,28.18,10.58,31.75,0.0,17.7,5.9,2.95,2.95,207.88
AUT,AUT,2004,49.98,9.52,28.55,0.0,7.17,2.39,1.2,1.2,292.14
AUT,AUT,2005,30.75,7.36,22.07,0.0,23.9,7.97,3.98,3.98,190.69
AUT,AUT,2006,40.73,7.25,21.75,0.0,18.16,6.05,3.03,3.03,476.81
AUT,AUT,2007,37.92,8.34,25.03,0.0,17.23,5.74,2.87,2.87,353.83
AUT,AUT,2008,45.6,7.88,23.64,0.0,13.73,4.58,2.29,2.29,212.91
AUT,AUT,2009,26.22,8.8,26.39,0.0,23.16,7.72,3.86,3.86,353.64
AUT,AUT,2010,29.32,10.56,31.67,0.0,17.07,5.69,2.84,2.84,417.05
AUT,AUT,2011,31.77,7.06,21.18,0.0,23.99,8.0,4.0,4.0,168.51
AUT,AUT,2012,42.2,8.05,24.15,0.0,15.36,5.12,2.56,2.56,205.61
AUT,AUT,2013,23.32,8.28,24.84,0.0,26.13,8.71,4.36,4.36,436.27
AUT,AUT,2014,32.91,7.95,23.86,0.0,21.16,7.05,3.53,3.53,159.58
AUT,AUT,2015,42.79,8.87,26.61,0.0,13.04,4.35,2.17,2.17,58.13
AUT,AUT,2016,25.34,9.66,28.98,0.0,21.61,7.2,3.6,3.6,479.2
AUT,AUT,2017,31.85,7.42,22.27,0.0,23.08,7.69,3.85,3.85,453.47
AUT,AUT,2018,20.95,5.92,17.75,0.0,33.23,11.08,5.54,5.54,496.24
AUT,AUT,2019,41.01,8.56,25.68,0.0,14.85,4.95,2.48,2.48,473.56
AUT,AUT,2020,27.9,6.85,20.55,0.0,26.82,8.94,4.47,4.47,70.5
AUT,AUT,2021,31.12,6.03,18.08,0.0,26.86,8.95,4.48,4.48,100.92
AUT,AUT,2022,35.03,6.55,19.66,0.0,23.25,7.75,3.88,3.88,162.88
AUT,AUT,2023,23.25,5.94,17.82,0.0,31.8,10.6,5.3,5.3,73.87
AUT,AUT,2024,29.79,5.8,17.41,0.0,28.2,9.4,4.7,4.7,437.45
BHS,BHS,2000,46.82,8.87,26.62,0.0,10.61,3.54,1.77,1.77,84.12
BHS,BHS,2001,42.08,7.71,23.12,0.0,16.26,5.42,2.71,2.71,135.29
BHS,BHS,2002,37.42,7.82,23.45,0.0,18.78,6.26,3.13,3.13,392.69
BHS,BHS,2003,29.92,9.51,28.53,0.0,19.22,6.41,3.2,3.2,227.05
BHS,BHS,2004,39.76,9.99,29.98,0.0,12.16,4.05,2.03,2.03,62.17
BHS,BHS,2005,49.89,9.53,28.59,0.0,7.19,2.4,1.2,1.2,364.0
BHS,BHS,2006,21.27,10.28,30.83,0.0,22.57,7.52,3.76,3.76,175.13
BHS,BHS,2007,39.63,7.04,21.11,0.0,19.33,6.44,3.22,3.22,171.33
BHS,BHS,2008,17.51,8.34,25.01,0.0,29.49,9.83,4.91,4.91,269.58
BHS,BHS,2009,17.45,7.91,23.72,0.0,30.55,10.18,5.09,5.09,469.08
BHS,BHS,2010,31.15,6.36,19.08,0.0,26.05,8.68,4.34,4.34,157.6
BHS,BHS,2011,33.46,7.67,23.02,0.0,21.51,7.17,3.59,3.59,130.1
BHS,BHS,2012,41.68,7.64,22.92,0.0,16.66,5.55,2.78,2.78,96.68
BHS,BHS,2013,32.9,8.05,24.16,0.0,20.93,6.98,3.49,3.49,244.3
BHS,BHS,2014,27.3,7.56,22.69,0.0,25.46,8.49,4.24,4.24,484.03
BHS,BHS,2015,34.93,7.0,21.0,0.0,22.24,7.41,3.71,3.71,160.29
BHS,BHS,2016,31.43,6.33,19.0,0.0,25.94,8.65,4.32,4.32,444.31
BHS,BHS,2017,42.83,9.75,29.24,0.0,10.91,3.64,1.82,1.82,315.0
BHS,BHS,2018,20.2,7.83,23.48,0.0,29.1,9.7,4.85,4.85,386.25
BHS,BHS,2019,23.42,4.03,12.08,0.0,36.29,12.1,6.05,6.05,249.82
BHS,BHS,2020,33.97,9.91,29.72,0.0,15.85,5.28,2.64,2.64,495.67
BHS,BHS,2021,27.85,7.6,22.79,0.0,25.06,8.35,4.18,4.18,113.56
BHS,BHS,2022,30.51,8.13,24.38,0.0,22.19,7.4,3.7,3.7,206.28
BHS,BHS,2023,21.62,5.2,15.59,0.0,34.55,11.52,5.76,5.76,452.97
BHS,BHS,2024,16.52,6.46,19.37,0.0,34.59,11.53,5.77,5.77,428.48
BHR,BHR,2000,33.24,13.15,39.46,0.0,8.49,2.83,1.41,1.41,356.17
BHR,BHR,2001,39.73,12.51,37.52,0.0,6.14,2.05,1.02,1.02,67.47
BHR,BHR,2002,37.05,8.29,24.88,0.0,17.87,5.96,2.98,2.98,182.92
BHR,BHR,2003,41.02,9.87,29.6,0.0,11.71,3.9,1.95,1.95,200.47
BHR,BHR,2004,29.33,9.59,28.76,0.0,19.39,6.46,3.23,3.23,176.62
BHR,BHR,2005,43.95,8.16,24.48,0.0,14.04,4.68,2.34,2.34,327.11
BHR,BHR,2006,31.07,8.33,25.0,0.0,21.35,7.12,3.56,3.56,360.64
BHR,BHR,2007,24.78,11.06,33.19,0.0,18.58,6.19,3.1,3.1,173.21
BHR,BHR,2008,46.03,8.19,24.57,0.0,12.72,4.24,2.12,2.12,384.26
BHR,BHR,2009,40.71,10.44,31.32,0.0,10.52,3.51,1.75,1.75,309.48
BHR,BHR,2010,44.51,9.54,28.63,0.0,10.39,3.46,1.73,1.73,214.69
BHR,BHR,2011,18.44,6.43,19.28,0.0,33.52,11.17,5.59,5.59,413.31
BHR,BHR,2012,42.56,8.23,24.68,0.0,14.72,4.91,2.45,2.45,308.53
BHR,BHR,2013,35.14,7.67,23.0,0.0,20.52,6.84,3.42,3.42,225.54
BHR,BHR,2014,47.33,8.68,26.05,0.0,10.76,3.59,1.79,1.79,455.64
BHR,BHR,2015,29.89,5.3,15.9,0.0,29.35,9.78,4.89,4.89,343.84
BHR,BHR,2016,21.0,7.17,21.5,0.0,30.2,10.07,5.03,5.03,428.87
BHR,BHR,2017,34.39,6.21,18.64,0.0,24.46,8.15,4.08,4.08,335.04
BHR,BHR,2018,14.59,4.97,14.91,0.0,39.32,13.11,6.55,6.55,382.86
BHR,BHR,2019,38.55,6.81,20.44,0.0,20.52,6.84,3.42,3.42,325.92
BHR,BHR,2020,19.63,5.73,17.19,0.0,34.47,11.49,5.74,5.74,122.8
BHR,BHR,2021,18.65,5.77,17.32,0.0,34.95,11.65,5.83,5.83,233.19
BHR,BHR,2022,27.33,6.97,20.9,0.0,26.88,8.96,4.48,4.48,136.5
BHR,BHR,2023,32.16,8.34,25.01,0.0,20.7,6.9,3.45,3.45,347.14
BHR,BHR,2024,39.24,8.2,24.59,0.0,16.78,5.59,2.8,2.8,64.84
BGD,BGD,2000,20.74,9.77,29.31,0.0,24.11,8.04,4.02,4.02,471.03
BGD,BGD,2001,42.6,10.38,31.15,0.0,9.52,3.17,1.59,1.59,253.56
BGD,BGD,2002,45.91,9.64,28.93,0.0,9.31,3.1,1.55,1.55,367.39
BGD,BGD,2003,47.92,10.18,30.53,0.0,6.82,2.27,1.14,1.14,266.06
BGD,BGD,2004,42.36,8.36,25.08,0.0,14.52,4.84,2.42,2.42,301.5
BGD,BGD,2005,18.35,8.66,25.98,0.0,28.21,9.4,4.7,4.7,239.94
BGD,BGD,2006,49.74,8.85,26.54,0.0,8.92,2.97,1.49,1.49,230.25
BGD,BGD,2007,32.26,6.42,19.26,0.0,25.23,8.41,4.21,4.21,87.35
BGD,BGD,2008,42.91,9.82,29.46,0.0,10.68,3.56,1.78,1.78,323.43
BGD,BGD,2009,26.39,9.17,27.5,0.0,22.17,7.39,3.69,3.69,455.2
BGD,BGD,2010,29.43,10.73,32.2,0.0,16.58,5.53,2.76,2.76,201.98
BGD,BGD,2011,23.31,8.72,26.17,0.0,25.08,8.36,4.18,4.18,395.19
BGD,BGD,2012,44.85,9.49,28.47,0.0,10.31,3.44,1.72,1.72,256.43
BGD,BGD,2013,27.29,9.63,28.88,0.0,20.52,6.84,3.42,3.42,124.56
BGD,BGD,2014,29.19,7.85,23.55,0.0,23.65,7.88,3.94,3.94,364.3
BGD,BGD,2015,37.8,8.97,26.91,0.0,15.79,5.26,2.63,2.63,300.13
BGD,BGD,2016,19.81,8.55,25.66,0.0,27.59,9.2,4.6,4.6,340.02
BGD,BGD,2017,44.03,8.02,24.06,0.0,14.33,4.78,2.39,2.39,198.48
BGD,BGD,2018,29.45,8.26,24.79,0.0,22.5,7.5,3.75,3.75,242.85
BGD,BGD,2019,24.75,7.6,22.8,0.0,26.91,8.97,4.48,4.48,193.53
BGD,BGD,2020,30.16,6.21,18.63,0.0,27.0,9.0,4.5,4.5,478.51
BGD,BGD,2021,35.49,6.09,18.28,0.0,24.08,8.03,4.01,4.01,434.92
BGD,BGD,2022,28.63,7.56,22.69,0.0,24.67,8.22,4.11,4.11,249.79
BGD,BGD,2023,36.73,6.72,20.16,0.0,21.83,7.28,3.64,3.64,202.97
BGD,BGD,2024,23.53,8.98,26.94,0.0,24.33,8.11,4.05,4.05,70.41
ARM,ARM,2000,41.41,7.98,23.94,0.0,16.0,5.33,2.67,2.67,93.64
ARM,ARM,2001,49.13,10.48,31.43,0.0,5.37,1.79,0.9,0.9,366.21
ARM,ARM,2002,35.94,13.11,39.33,0.0,6.97,2.32,1.16,1.16,326.18
ARM,ARM,2003,47.91,9.42,28.26,0.0,8.65,2.88,1.44,1.44,345.14
ARM,ARM,2004,21.95,10.94,32.81,0.0,20.58,6.86,3.43,3.43,54.34
ARM,ARM,2005,25.12,8.05,24.14,0.0,25.62,8.54,4.27,4.27,242.68
ARM,ARM,2006,42.79,9.85,29.54,0.0,10.69,3.56,1.78,1.78,420.3
ARM,ARM,2007,30.3,11.93,35.78,0.0,13.2,4.4,2.2,2.2,248.49
ARM,ARM,2008,34.55,8.29,24.87,0.0,19.38,6.46,3.23,3.23,408.8
ARM,ARM,2009,47.33,7.91,23.74,0.0,12.61,4.2,2.1,2.1,479.88
ARM,ARM,2010,21.27,7.3,21.91,0.0,29.71,9.9,4.95,4.95,218.93
ARM,ARM,2011,32.45,9.81,29.42,0.0,17.0,5.67,2.83,2.83,204.37
ARM,ARM,2012,31.1,6.18,18.55,0.0,26.5,8.83,4.42,4.42,376.04
ARM,ARM,2013,35.79,7.32,21.97,0.0,20.95,6.98,3.49,3.49,263.24
ARM,ARM,2014,24.83,5.43,16.29,0.0,32.07,10.69,5.35,5.35,280.13
ARM,ARM,2015,39.01,7.09,21.26,0.0,19.59,6.53,3.26,3.26,133.88
ARM,ARM,2016,32.23,6.67,20.0,0.0,24.66,8.22,4.11,4.11,131.36
ARM,ARM,2017,33.64,6.48,19.43,0.0,24.27,8.09,4.05,4.05,448.2
ARM,ARM,2018,17.17,5.76,17.29,0.0,35.86,11.95,5.98,5.98,497.36
ARM,ARM,2019,26.24,7.67,23.0,0.0,25.86,8.62,4.31,4.31,54.64
ARM,ARM,2020,28.16,5.59,16.77,0.0,29.69,9.9,4.95,4.95,66.9
ARM,ARM,2021,18.89,7.61,22.83,0.0,30.4,10.13,5.07,5.07,496.94
ARM,ARM,2022,18.72,7.43,22.3,0.0,30.93,10.31,5.15,5.15,447.22
ARM,ARM,2023,24.72,4.99,14.98,0.0,33.18,11.06,5.53,5.53,460.77
ARM,ARM,2024,29.18,5.71,17.12,0.0,28.8,9.6,4.8,4.8,493.77
BRB,BRB,2000,41.21,12.35,37.05,0.0,5.63,1.88,0.94,0.94,146.07
BRB,BRB,2001,37.79,10.12,30.35,0.0,13.04,4.35,2.17,2.17,433.58
BRB,BRB,2002,43.33,11.77,35.31,0.0,5.76,1.92,0.96,0.96,431.51
BRB,BRB,2003,39.69,8.34,25.03,0.0,16.16,5.39,2.69,2.69,444.19
BRB,BRB,2004,25.17,9.52,28.55,0.0,22.06,7.35,3.68,3.68,273.82
BRB,BRB,2005,27.88,8.59,25.77,0.0,22.66,7.55,3.78,3.78,383.61
BRB,BRB,2006,35.38,10.58,31.75,0.0,13.37,4.46,2.23,2.23,268.18
BRB,BRB,2007,41.31,10.28,30.85,0.0,10.54,3.51,1.76,1.76,274.09
BRB,BRB,2008,36.73,8.21,24.64,0.0,18.26,6.09,3.04,3.04,92.21
BRB,BRB,2009,24.77,10.55,31.66,0.0,19.81,6.6,3.3,3.3,485.12
BRB,BRB,2010,33.37,9.54,28.62,0.0,17.08,5.69,2.85,2.85,336.21
BRB,BRB,2011,38.69,6.66,19.99,0.0,20.79,6.93,3.47,3.47,50.12
BRB,BRB,2012,31.68,7.19,21.58,0.0,23.73,7.91,3.95,3.95,129.67
BRB,BRB,2013,24.15,9.23,27.68,0.0,23.36,7.79,3.89,3.89,342.31
BRB,BRB,2014,34.98,5.92,17.75,0.0,24.81,8.27,4.14,4.14,389.19
BRB,BRB,2015,29.16,5.33,15.99,0.0,29.71,9.9,4.95,4.95,436.2
BRB,BRB,2016,18.76,9.18,27.54,0.0,26.71,8.9,4.45,4.45,318.86
BRB,BRB,2017,30.63,6.39,19.16,0.0,26.3,8.77,4.38,4.38,240.9
BRB,BRB,2018,33.84,6.37,19.1,0.0,24.42,8.14,4.07,4.07,362.33
BRB,BRB,2019,25.6,9.12,27.36,0.0,22.75,7.58,3.79,3.79,442.31
BRB,BRB,2020,27.92,6.86,20.59,0.0,26.78,8.93,4.46,4.46,303.97
BRB,BRB,2021,14.43,5.24,15.72,0.0,38.76,12.92,6.46,6.46,379.03
BRB,BRB,2022,32.24,7.13,21.39,0.0,23.54,7.85,3.92,3.92,52.05
BRB,BRB,2023,19.85,8.66,25.98,0.0,27.3,9.1,4.55,4.55,143.11
BRB,BRB,2024,42.33,8.8,26.39,0.0,13.49,4.5,2.25,2.25,410.37
BEL,BEL,2000,24.58,10.15,30.44,0.0,20.91,6.97,3.48,3.48,399.78
BEL,BEL,2001,43.07,7.6,22.81,0.0,15.91,5.3,2.65,2.65,303.04
BEL,BEL,2002,28.33,9.45,28.34,0.0,20.33,6.78,3.39,3.39,416.01
BEL,BEL,2003,48.64,8.61,25.83,0.0,10.15,3.38,1.69,1.69,293.93
BEL,BEL,2004,37.95,6.61,19.83,0.0,21.37,7.12,3.56,3.56,348.86
BEL,BEL,2005,39.36,8.13,24.38,0.0,16.89,5.63,2.81,2.81,466.36
BEL,BEL,2006,32.91,6.94,20.81,0.0,23.61,7.87,3.93,3.93,387.89
BEL,BEL,2007,34.28,10.17,30.5,0.0,15.03,5.01,2.51,2.51,445.54
BEL,BEL,2008,47.47,8.53,25.59,0.0,11.05,3.68,1.84,1.84,412.06
BEL,BEL,2009,42.97,9.89,29.68,0.0,10.48,3.49,1.75,1.75,236.33
BEL,BEL,2010,36.1,9.17,27.52,0.0,16.32,5.44,2.72,2.72,165.85
BEL,BEL,2011,28.72,9.69,29.08,0.0,19.51,6.5,3.25,3.25,70.6
BEL,BEL,2012,38.96,8.24,24.73,0.0,16.84,5.61,2.81,2.81,142.71
BEL,BEL,2013,29.28,6.92,20.77,0.0,25.81,8.6,4.3,4.3,114.55
BEL,BEL,2014,23.69,11.57,34.71,0.0,18.02,6.01,3.0,3.0,83.64
BEL,BEL,2015,36.66,9.37,28.12,0.0,15.51,5.17,2.58,2.58,86.06
BEL,BEL,2016,40.16,6.95,20.85,0.0,19.23,6.41,3.2,3.2,135.0
BEL,BEL,2017,39.91,7.81,23.42,0.0,17.32,5.77,2.89,2.89,95.52
BEL,BEL,2018,24.21,8.97,26.91,0.0,23.95,7.98,3.99,3.99,261.66
BEL,BEL,2019,37.2,6.32,18.97,0.0,22.51,7.5,3.75,3.75,70.03
BEL,BEL,2020,31.07,11.04,33.13,0.0,14.85,4.95,2.48,2.48,148.09
BEL,BEL,2021,30.8,7.07,21.2,0.0,24.56,8.19,4.09,4.09,484.49
BEL,BEL,2022,20.61,7.36,22.07,0.0,29.98,9.99,5.0,5.0,204.86
BEL,BEL,2023,22.74,4.76,14.28,0.0,34.93,11.64,5.82,5.82,182.33
BEL,BEL,2024,20.8,4.19,12.58,0.0,37.45,12.48,6.24,6.24,405.32
BMU,BMU,2000,50.79,9.7,29.11,0.0,6.24,2.08,1.04,1.04,110.33
BMU,BMU,2001,45.63,9.47,28.4,0.0,9.9,3.3,1.65,1.65,403.58
BMU,BMU,2002,37.63,9.83,29.5,0.0,13.82,4.61,2.3,2.3,382.0
BMU,BMU,2003,36.04,9.16,27.48,0.0,16.4,5.47,2.73,2.73,188.27
BMU,BMU,2004,41.46,10.94,32.81,0.0,8.88,2.96,1.48,1.48,451.56
BMU,BMU,2005,36.79,9.01,27.04,0.0,16.29,5.43,2.71,2.71,387.96
BMU,BMU,2006,32.45,10.87,32.62,0.0,14.43,4.81,2.41,2.41,427.38
BMU,BMU,2007,32.84,8.82,26.45,0.0,19.14,6.38,3.19,3.19,237.14
BMU,BMU,2008,38.17,7.01,21.02,0.0,20.29,6.76,3.38,3.38,463.08
BMU,BMU,2009,47.44,8.17,24.5,0.0,11.94,3.98,1.99,1.99,412.28
BMU,BMU,2010,31.73,7.32,21.97,0.0,23.39,7.8,3.9,3.9,473.71
BMU,BMU,2011,23.99,9.95,29.86,0.0,21.72,7.24,3.62,3.62,196.39
BMU,BMU,2012,38.11,7.11,21.32,0.0,20.08,6.69,3.35,3.35,360.97
BMU,BMU,2013,23.02,8.01,24.03,0.0,26.96,8.99,4.49,4.49,220.51
BMU,BMU,2014,36.71,6.49,19.48,0.0,22.39,7.46,3.73,3.73,312.46
BMU,BMU,2015,29.3,7.57,22.72,0.0,24.24,8.08,4.04,4.04,109.88
BMU,BMU,2016,11.68,5.65,16.96,0.0,39.42,13.14,6.57,6.57,135.09
BMU,BMU,2017,19.3,6.96,20.88,0.0,31.72,10.57,5.29,5.29,215.76
BMU,BMU,2018,15.07,6.77,20.31,0.0,34.71,11.57,5.78,5.78,433.67
BMU,BMU,2019,11.51,5.02,15.06,0.0,41.05,13.68,6.84,6.84,198.34
BMU,BMU,2020,41.05,7.13,21.4,0.0,18.25,6.08,3.04,3.04,428.18
BMU,BMU,2021,26.22,7.88,23.63,0.0,25.36,8.45,4.23,4.23,297.69
BMU,BMU,2022,27.85,7.05,21.16,0.0,26.37,8.79,4.39,4.39,393.96
BMU,BMU,2023,26.82,6.95,20.85,0.0,27.23,9.08,4.54,4.54,91.45
BMU,BMU,2024,34.93,6.01,18.03,0.0,24.62,8.21,4.1,4.1,215.34
BTN,BTN,2000,23.76,11.22,33.67,0.0,18.81,6.27,3.13,3.13,282.52
BTN,BTN,2001,29.35,8.45,25.34,0.0,22.12,7.37,3.69,3.69,453.74
BTN,BTN,2002,33.19,12.69,38.06,0.0,9.64,3.21,1.61,1.61,241.26
BTN,BTN,2003,41.99,7.12,21.37,0.0,17.71,5.9,2.95,2.95,454.33
BTN,BTN,2004,21.93,8.68,26.04,0.0,26.01,8.67,4.33,4.33,347.83
BTN,BTN,2005,34.55,8.33,24.98,0.0,19.28,6.43,3.21,3.21,278.2
BTN,BTN,2006,51.46,9.54,28.61,0.0,6.24,2.08,1.04,1.04,302.23
BTN,BTN,2007,41.37,8.19,24.57,0.0,15.52,5.17,2.59,2.59,276.45
BTN,BTN,2008,39.8,7.43,22.29,0.0,18.29,6.1,3.05,3.05,450.95
BTN,BTN,2009,17.07,8.06,24.17,0.0,30.42,10.14,5.07,5.07,236.75
BTN,BTN,2010,51.18,8.6,25.79,0.0,8.66,2.89,1.44,1.44,122.99
BTN,BTN,2011,20.96,8.5,25.51,0.0,27.02,9.01,4.5,4.5,361.96
BTN,BTN,2012,35.3,6.51,19.53,0.0,23.19,7.73,3.87,3.87,481.57
BTN,BTN,2013,35.92,8.19,24.58,0.0,18.78,6.26,3.13,3.13,157.61
BTN,BTN,2014,37.61,8.62,25.87,0.0,16.74,5.58,2.79,2.79,59.66
BTN,BTN,2015,47.05,8.82,26.47,0.0,10.59,3.53,1.77,1.77,171.69
BTN,BTN,2016,21.55,10.23,30.7,0.0,22.52,7.51,3.75,3.75,215.66
BTN,BTN,2017,32.61,5.72,17.17,0.0,26.7,8.9,4.45,4.45,164.32
BTN,BTN,2018,20.21,5.41,16.23,0.0,34.89,11.63,5.81,5.81,155.32
BTN,BTN,2019,19.39,7.9,23.7,0.0,29.41,9.8,4.9,4.9,327.07
BTN,BTN,2020,20.94,7.77,23.31,0.0,28.79,9.6,4.8,4.8,145.61
BTN,BTN,2021,29.1,5.81,17.42,0.0,28.61,9.54,4.77,4.77,466.02
BTN,BTN,2022,43.24,8.3,24.9,0.0,14.14,4.71,2.36,2.36,89.84
BTN,BTN,2023,29.25,11.17,33.5,0.0,15.64,5.21,2.61,2.61,301.0
BTN,BTN,2024,39.45,8.02,24.07,0.0,17.08,5.69,2.85,2.85,491.92
BOL,BOL,2000,48.11,8.73,26.18,0.0,10.19,3.4,1.7,1.7,434.1
BOL,BOL,2001,51.65,9.04,27.13,0.0,7.31,2.44,1.22,1.22,291.8
BOL,BOL,2002,28.92,9.84,29.52,0.0,19.03,6.34,3.17,3.17,384.48
BOL,BOL,2003,34.0,13.49,40.48,0.0,7.21,2.4,1.2,1.2,365.21
BOL,BOL,2004,23.33,11.13,33.4,0.0,19.29,6.43,3.21,3.21,295.04
BOL,BOL,2005,27.28,10.87,32.61,0.0,17.55,5.85,2.92,2.92,78.99
BOL,BOL,2006,38.19,9.63,28.89,0.0,13.98,4.66,2.33,2.33,409.45
BOL,BOL,2007,37.17,10.19,30.56,0.0,13.25,4.42,2.21,2.21,65.76
BOL,BOL,2008,24.28,6.78,20.35,0.0,29.15,9.72,4.86,4.86,227.42
BOL,BOL,2009,49.59,9.17,27.5,0.0,8.24,2.75,1.37,1.37,109.43
BOL,BOL,2010,24.94,8.32,24.96,0.0,25.07,8.36,4.18,4.18,103.28
BOL,BOL,2011,36.76,7.74,23.21,0.0,19.38,6.46,3.23,3.23,451.84
BOL,BOL,2012,40.27,7.33,21.99,0.0,18.25,6.08,3.04,3.04,134.77
BOL,BOL,2013,22.48,11.07,33.2,0.0,19.96,6.65,3.33,3.33,498.43
BOL,BOL,2014,30.18,5.99,17.97,0.0,27.51,9.17,4.59,4.59,404.22
BOL,BOL,2015,33.64,8.68,26.03,0.0,18.99,6.33,3.17,3.17,387.25
BOL,BOL,2016,30.5,8.27,24.81,0.0,21.86,7.29,3.64,3.64,204.11
BOL,BOL,2017,46.77,8.87,26.62,0.0,10.64,3.55,1.77,1.77,223.04
BOL,BOL,2018,26.48,6.94,20.83,0.0,27.45,9.15,4.57,4.57,437.63
BOL,BOL,2019,26.34,4.53,13.58,0.0,33.33,11.11,5.55,5.55,83.83
BOL,BOL,2020,33.51,9.35,28.04,0.0,17.46,5.82,2.91,2.91,139.82
BOL,BOL,2021,30.49,5.49,16.48,0.0,28.52,9.51,4.75,4.75,284.34
BOL,BOL,2022,30.52,5.4,16.19,0.0,28.74,9.58,4.79,4.79,399.12
BOL,BOL,2023,14.51,6.76,20.28,0.0,35.07,11.69,5.85,5.85,191.39
BOL,BOL,2024,16.56,5.04,15.12,0.0,37.97,12.66,6.33,6.33,149.33
BIH,BIH,2000,42.11,8.72,26.15,0.0,13.81,4.6,2.3,2.3,420.44
BIH,BIH,2001,35.81,8.55,25.64,0.0,18.0,6.0,3.0,3.0,107.46
BIH,BIH,2002,29.16,8.42,25.25,0.0,22.31,7.44,3.72,3.72,241.02
BIH,BIH,2003,42.72,7.61,22.83,0.0,16.11,5.37,2.68,2.68,211.53
BIH,BIH,2004,29.77,8.41,25.23,0.0,21.95,7.32,3.66,3.66,263.65
BIH,BIH,2005,39.93,9.92,29.76,0.0,12.24,4.08,2.04,2.04,67.0
BIH,BIH,2006,44.72,7.87,23.61,0.0,14.28,4.76,2.38,2.38,383.86
BIH,BIH,2007,33.36,9.91,29.72,0.0,16.21,5.4,2.7,2.7,244.11
BIH,BIH,2008,16.01,7.94,23.83,0.0,31.33,10.44,5.22,5.22,401.32
BIH,BIH,2009,43.25,7.67,23.02,0.0,15.64,5.21,2.61,2.61,185.61
BIH,BIH,2010,36.01,9.29,27.87,0.0,16.1,5.37,2.68,2.68,64.91
BIH,BIH,2011,30.63,9.55,28.65,0.0,18.7,6.23,3.12,3.12,496.02
BIH,BIH,2012,23.84,7.74,23.22,0.0,27.12,9.04,4.52,4.52,155.13
BIH,BIH,2013,28.01,5.13,15.4,0.0,30.88,10.29,5.15,5.15,444.87
BIH,BIH,2014,33.88,8.23,24.68,0.0,19.93,6.64,3.32,3.32,365.66
BIH,BIH,2015,33.9,9.24,27.73,0.0,17.48,5.83,2.91,2.91,145.86
BIH,BIH,2016,32.62,5.64,16.92,0.0,26.89,8.96,4.48,4.48,423.24
BIH,BIH,2017,22.44,7.98,23.93,0.0,27.39,9.13,4.57,4.57,77.47
BIH,BIH,2018,22.63,5.19,15.56,0.0,33.98,11.33,5.66,5.66,456.63
BIH,BIH,2019,25.82,5.53,16.58,0.0,31.24,10.41,5.21,5.21,134.47
BIH,BIH,2020,26.62,6.79,20.37,0.0,27.73,9.24,4.62,4.62,368.28
BIH,BIH,2021,25.46,8.27,24.81,0.0,24.88,8.29,4.15,4.15,479.67
BIH,BIH,2022,20.18,4.36,13.08,0.0,37.43,12.48,6.24,6.24,353.17
BIH,BIH,2023,15.58,5.9,17.69,0.0,36.5,12.17,6.08,6.08,458.93
BIH,BIH,2024,32.12,6.39,19.18,0.0,25.38,8.46,4.23,4.23,157.93
BWA,BWA,2000,53.48,9.16,27.48,0.0,5.93,1.98,0.99,0.99,209.6
BWA,BWA,2001,41.4,8.66,25.99,0.0,14.37,4.79,2.4,2.4,484.2
BWA,BWA,2002,27.62,10.2,30.61,0.0,18.94,6.31,3.16,3.16,252.14
BWA,BWA,2003,41.69,7.01,21.02,0.0,18.17,6.06,3.03,3.03,73.91
BWA,BWA,2004,45.42,8.32,24.95,0.0,12.79,4.26,2.13,2.13,279.38
BWA,BWA,2005,48.11,10.17,30.51,0.0,6.73,2.24,1.12,1.12,94.19
BWA,BWA,2006,22.73,10.31,30.92,0.0,21.62,7.21,3.6,3.6,53.02
BWA,BWA,2007,36.03,11.09,33.27,0.0,11.77,3.92,1.96,1.96,50.45
BWA,BWA,2008,36.49,7.22,21.66,0.0,20.77,6.92,3.46,3.46,441.5
BWA,BWA,2009,22.7,11.09,33.26,0.0,19.78,6.59,3.3,3.3,149.44
BWA,BWA,2010,21.3,9.66,28.99,0.0,24.03,8.01,4.01,4.01,174.37
BWA,BWA,2011,31.5,7.01,21.03,0.0,24.27,8.09,4.05,4.05,92.74
BWA,BWA,2012,28.8,6.36,19.08,0.0,27.46,9.15,4.58,4.58,447.16
BWA,BWA,2013,34.0,6.06,18.19,0.0,25.05,8.35,4.18,4.18,333.95
BWA,BWA,2014,43.1,7.67,23.01,0.0,15.74,5.25,2.62,2.62,121.48
BWA,BWA,2015,38.41,10.74,32.21,0.0,11.18,3.73,1.86,1.86,458.12
BWA,BWA,2016,17.53,5.68,17.04,0.0,35.84,11.95,5.97,5.97,487.21
BWA,BWA,2017,33.54,6.32,18.97,0.0,24.7,8.23,4.12,4.12,314.59
BWA,BWA,2018,34.43,6.77,20.3,0.0,23.1,7.7,3.85,3.85,157.87
BWA,BWA,2019,30.28,5.83,17.48,0.0,27.85,9.28,4.64,4.64,356.74
BWA,BWA,2020,33.4,6.03,18.08,0.0,25.49,8.5,4.25,4.25,140.46
BWA,BWA,2021,31.61,7.26,21.79,0.0,23.6,7.87,3.93,3.93,96.08
BWA,BWA,2022,39.99,6.72,20.17,0.0,19.87,6.62,3.31,3.31,224.62
BWA,BWA,2023,17.45,6.72,20.17,0.0,33.4,11.13,5.57,5.57,461.23
BWA,BWA,2024,33.77,6.1,18.3,0.0,25.09,8.36,4.18,4.18,161.26
BRA,BRA,2000,48.26,8.07,24.21,0.0,11.68,3.89,1.95,1.95,440.37
BRA,BRA,2001,31.91,10.34,31.02,0.0,16.03,5.34,2.67,2.67,397.27
BRA,BRA,2002,44.95,7.88,23.64,0.0,14.12,4.71,2.35,2.35,341.81
BRA,BRA,2003,33.59,7.92,23.76,0.0,20.84,6.95,3.47,3.47,356.34
BRA,BRA,2004,49.07,8.57,25.7,0.0,9.99,3.33,1.67,1.67,95.99
BRA,BRA,2005,27.06,10.73,32.19,0.0,18.01,6.0,3.0,3.0,134.36
BRA,BRA,2006,41.55,10.33,30.98,0.0,10.29,3.43,1.72,1.72,237.97
BRA,BRA,2007,30.43,13.44,40.31,0.0,9.5,3.17,1.58,1.58,220.64
BRA,BRA,2008,40.23,7.47,22.41,0.0,17.93,5.98,2.99,2.99,389.93
BRA,BRA,2009,18.96,8.02,24.06,0.0,29.37,9.79,4.9,4.9,118.06
BRA,BRA,2010,42.63,8.59,25.78,0.0,13.8,4.6,2.3,2.3,128.46
BRA,BRA,2011,24.68,9.91,29.73,0.0,21.41,7.14,3.57,3.57,483.1
BRA,BRA,2012,27.01,7.87,23.62,0.0,24.9,8.3,4.15,4.15,364.76
BRA,BRA,2013,33.25,8.36,25.09,0.0,19.97,6.66,3.33,3.33,351.28
BRA,BRA,2014,23.22,7.4,22.19,0.0,28.31,9.44,4.72,4.72,192.77
BRA,BRA,2015,39.23,6.55,19.65,0.0,20.74,6.91,3.46,3.46,51.69
BRA,BRA,2016,19.42,5.56,16.69,0.0,34.99,11.66,5.83,5.83,493.94
BRA,BRA,2017,25.74,5.22,15.67,0.0,32.02,10.67,5.34,5.34,63.61
BRA,BRA,2018,21.45,9.18,27.55,0.0,25.09,8.36,4.18,4.18,208.25
BRA,BRA,2019,20.99,6.63,19.88,0.0,31.5,10.5,5.25,5.25,492.41
BRA,BRA,2020,35.17,8.14,24.41,0.0,19.37,6.46,3.23,3.23,368.74
BRA,BRA,2021,26.95,6.8,20.39,0.0,27.52,9.17,4.59,4.59,252.11
BRA,BRA,2022,32.32,6.22,18.67,0.0,25.68,8.56,4.28,4.28,144.25
BRA,BRA,2023,18.38,9.08,27.23,0.0,27.19,9.06,4.53,4.53,283.38
BRA,BRA,2024,34.44,5.86,17.58,0.0,25.27,8.42,4.21,4.21,386.13
BLZ,BLZ,2000,33.54,12.89,38.67,0.0,8.94,2.98,1.49,1.49,268.8
BLZ,BLZ,2001,49.41,8.66,25.98,0.0,9.57,3.19,1.59,1.59,239.01
BLZ,BLZ,2002,30.94,14.03,42.09,0.0,7.76,2.59,1.29,1.29,220.41
BLZ,BLZ,2003,52.07,9.5,28.49,0.0,5.96,1.99,0.99,0.99,198.64
BLZ,BLZ,2004,29.75,10.12,30.36,0.0,17.86,5.95,2.98,2.98,195.41
BLZ,BLZ,2005,26.76,13.0,38.99,0.0,12.75,4.25,2.13,2.13,298.62
BLZ,BLZ,2006,30.98,8.76,26.29,0.0,20.38,6.79,3.4,3.4,141.64
BLZ,BLZ,2007,27.41,12.46,37.37,0.0,13.65,4.55,2.28,2.28,179.91
BLZ,BLZ,2008,35.56,7.73,23.18,0.0,20.12,6.71,3.35,3.35,249.75
BLZ,BLZ,2009,39.91,8.22,24.67,0.0,16.32,5.44,2.72,2.72,68.47
BLZ,BLZ,2010,33.78,7.52,22.56,0.0,21.68,7.23,3.61,3.61,67.21
BLZ,BLZ,2011,35.41,8.76,26.27,0.0,17.74,5.91,2.96,2.96,286.55
BLZ,BLZ,2012,22.98,11.48,34.43,0.0,18.67,6.22,3.11,3.11,408.13
BLZ,BLZ,2013,27.19,9.45,28.36,0.0,21.0,7.0,3.5,3.5,268.13
BLZ,BLZ,2014,31.98,6.08,18.24,0.0,26.22,8.74,4.37,4.37,234.06
BLZ,BLZ,2015,26.94,10.46,31.37,0.0,18.74,6.25,3.12,3.12,406.94
BLZ,BLZ,2016,31.76,6.19,18.58,0.0,26.08,8.69,4.35,4.35,190.35
BLZ,BLZ,2017,37.69,8.72,26.15,0.0,16.46,5.49,2.74,2.74,121.14
BLZ,BLZ,2018,21.48,6.23,18.69,0.0,32.16,10.72,5.36,5.36,400.67
BLZ,BLZ,2019,36.09,6.55,19.66,0.0,22.61,7.54,3.77,3.77,179.55
BLZ,BLZ,2020,40.82,7.45,22.34,0.0,17.63,5.88,2.94,2.94,205.12
BLZ,BLZ,2021,18.4,5.05,15.15,0.0,36.84,12.28,6.14,6.14,316.51
BLZ,BLZ,2022,35.5,8.13,24.38,0.0,19.2,6.4,3.2,3.2,259.57
BLZ,BLZ,2023,29.03,6.78,20.34,0.0,26.31,8.77,4.39,4.39,466.53
BLZ,BLZ,2024,29.65,6.97,20.92,0.0,25.47,8.49,4.25,4.25,213.27
SLB,SLB,2000,26.29,9.16,27.48,0.0,22.24,7.41,3.71,3.71,250.15
SLB,SLB,2001,28.14,11.08,33.24,0.0,16.52,5.51,2.75,2.75,415.32
SLB,SLB,2002,37.35,12.5,37.49,0.0,7.6,2.53,1.27,1.27,395.35
SLB,SLB,2003,49.44,9.75,29.26,0.0,6.92,2.31,1.15,1.15,187.4
SLB,SLB,2004,28.12,9.76,29.27,0.0,19.71,6.57,3.29,3.29,378.99
SLB,SLB,2005,43.91,8.51,25.53,0.0,13.23,4.41,2.21,2.21,288.4
SLB,SLB,2006,41.41,7.39,22.18,0.0,17.41,5.8,2.9,2.9,349.31
SLB,SLB,2007,34.96,7.56,22.69,0.0,20.87,6.96,3.48,3.48,415.37
SLB,SLB,2008,37.57,10.6,31.79,0.0,12.03,4.01,2.0,2.0,84.56
SLB,SLB,2009,33.24,9.96,29.88,0.0,16.15,5.38,2.69,2.69,59.88
SLB,SLB,2010,35.57,6.13,18.4,0.0,23.94,7.98,3.99,3.99,441.76
SLB,SLB,2011,48.76,9.29,27.87,0.0,8.44,2.81,1.41,1.41,205.0
SLB,SLB,2012,36.99,7.72,23.15,0.0,19.28,6.43,3.21,3.21,347.17
SLB,SLB,2013,26.68,6.89,20.67,0.0,27.46,9.15,4.58,4.58,487.9
SLB,SLB,2014,26.74,6.97,20.92,0.0,27.22,9.07,4.54,4.54,391.4
SLB,SLB,2015,32.28,5.97,17.9,0.0,26.31,8.77,4.39,4.39,210.77
SLB,SLB,2016,32.16,8.15,24.44,0.0,21.15,7.05,3.52,3.52,491.75
SLB,SLB,2017,20.66,6.91,20.74,0.0,31.01,10.34,5.17,5.17,101.61
SLB,SLB,2018,40.83,7.1,21.3,0.0,18.46,6.15,3.08,3.08,114.3
SLB,SLB,2019,45.22,8.57,25.7,0.0,12.31,4.1,2.05,2.05,402.31
SLB,SLB,2020,31.48,5.69,17.07,0.0,27.45,9.15,4.58,4.58,75.68
SLB,SLB,2021,18.71,4.4,13.21,0.0,38.21,12.74,6.37,6.37,447.22
SLB,SLB,2022,40.87,7.8,23.39,0.0,16.77,5.59,2.79,2.79,271.31
SLB,SLB,2023,28.52,4.78,14.34,0.0,31.42,10.47,5.24,5.24,280.79
SLB,SLB,2024,26.85,4.89,14.68,0.0,32.14,10.71,5.36,5.36,83.07
BRN,BRN,2000,51.37,10.1,30.29,0.0,4.95,1.65,0.82,0.82,386.18
BRN,BRN,2001,43.52,9.77,29.32,0.0,10.43,3.48,1.74,1.74,201.68
BRN,BRN,2002,34.93,11.26,33.77,0.0,12.03,4.01,2.0,2.0,329.92
BRN,BRN,2003,33.69,8.41,25.22,0.0,19.61,6.54,3.27,3.27,291.0
BRN,BRN,2004,40.1,10.18,30.54,0.0,11.51,3.84,1.92,1.92,262.76
BRN,BRN,2005,37.48,8.6,25.79,0.0,16.88,5.63,2.81,2.81,219.05
BRN,BRN,2006,42.95,7.83,23.48,0.0,15.45,5.15,2.57,2.57,50.13
BRN,BRN,2007,38.13,8.87,26.61,0.0,15.83,5.28,2.64,2.64,497.58
BRN,BRN,2008,28.83,7.42,22.25,0.0,24.91,8.3,4.15,4.15,352.51
BRN,BRN,2009,37.4,8.79,26.37,0.0,16.47,5.49,2.74,2.74,326.19
BRN,BRN,2010,40.76,7.79,23.36,0.0,16.85,5.62,2.81,2.81,159.37
BRN,BRN,2011,40.15,10.55,31.66,0.0,10.58,3.53,1.76,1.76,346.08
BRN,BRN,2012,31.95,7.88,23.63,0.0,21.92,7.31,3.65,3.65,67.11
BRN,BRN,2013,13.87,6.36,19.09,0.0,36.4,12.13,6.07,6.07,381.35
BRN,BRN,2014,36.79,6.74,20.21,0.0,21.76,7.25,3.63,3.63,105.14
BRN,BRN,2015,36.51,7.58,22.75,0.0,19.89,6.63,3.32,3.32,487.45
BRN,BRN,2016,27.05,12.98,38.93,0.0,12.63,4.21,2.1,2.1,243.73
BRN,BRN,2017,42.74,7.74,23.21,0.0,15.79,5.26,2.63,2.63,224.71
BRN,BRN,2018,15.49,6.47,19.41,0.0,35.18,11.73,5.86,5.86,153.17
BRN,BRN,2019,27.13,6.27,18.81,0.0,28.68,9.56,4.78,4.78,438.86
BRN,BRN,2020,24.4,6.6,19.81,0.0,29.51,9.84,4.92,4.92,223.22
BRN,BRN,2021,24.83,4.89,14.66,0.0,33.38,11.13,5.56,5.56,172.11
BRN,BRN,2022,17.62,7.29,21.88,0.0,31.93,10.64,5.32,5.32,112.16
BRN,BRN,2023,14.16,5.82,17.45,0.0,37.54,12.51,6.26,6.26,59.42
BRN,BRN,2024,33.08,5.88,17.65,0.0,26.03,8.68,4.34,4.34,334.84
BGR,BGR,2000,46.52,8.25,24.76,0.0,12.29,4.1,2.05,2.05,207.35
